0001,1,120,50,12/01/2022,3410,682,250,4342,19/01/2022,1,23/01/2022^
0002,1,20,0,20/01/2022,100,17,150,267,27/01/2022,1,02/02/2022^
0003,1,200,20,14/01/2022,1840,312,150,2302,21/01/2022,1,02/02/2022^
0001,2,123,56,06/02/2022,4207,1262,350,5819,13/02/2022,1,12/02/2022^
0002,2,36,0,07/02/2022,432,73,120,625,14/02/2022,1,16/02/2022^
0003,2,54,30,06/02/2022,1914,363,230,2507,13/02/2022,1,06/02/2022^
0001,3,27,44,20/03/2022,1843,552,350,2745,27/03/2022,1,22/03/2022^
0002,3,44,0,20/03/2022,528,89,120,737,27/03/2022,1,23/03/2022^
0003,3,46,50,12/03/2022,2266,430,230,2926,19/03/2022,1,16/03/2022^
0004,3,100,0,20/03/2022,1200,204,120,1524,27/03/2022,1,23/03/2022^
0005,3,100,30,20/03/2022,2880,547,230,3657,27/03/2022,1,23/03/2022^
0001,4,50,50,12/04/2022,2500,750,350,3600,19/04/2022,2,--/--/----^
